ENV
0
5
4
5
8
5
16
5
20
5
24
5
28
6
32
6
40
7
44
8
48
8
52
9
56
9
60
9
64
9
68
10
72
10
76
10
80
11
84
11
88
11
92
11
96
12
100
12
104
13
108
13
112
13
116
14
120
14
124
14
128
14
132
14
136
14
140
14
144
15
148
15
152
15
156
15
160
15
164
16
168
16
172
16
176
16
180
15
184
15
188
15
192
15
196
14
200
14
204
14
208
13
212
13
216
12
220
11
224
11
228
10
232
10
236
10
240
9
244
9
248
9
252
9
256
9
260
9
264
9
268
9
272
9
276
9
280
9
284
9
288
9
292
9
296
9
300
9
304
9
308
9
312
9
316
9
320
9
328
9
332
10
340
11
344
11
348
12
352
12
356
13
360
13
364
13
368
14
372
14
376
14
380
14
384
14
388
14
396
14
404
14
408
14
412
14
420
14
424
14
428
14
432
14
436
14
440
14
444
14
448
14
452
14
460
14
464
14
472
14
480
14
484
14
488
14
492
14
500
14
504
14
508
14
512
15
516
16
524
17
528
18
532
18
536
18
540
20
544
20
548
21
552
21
556
22
560
22
564
22
568
23
572
22
576
22
580
22
584
22
592
21
600
21
604
21
608
21
612
21
616
21
620
21
624
21
628
22
632
22
636
22
640
22
644
23
648
23
652
23
660
23
672
23
680
23
692
23
704
23
708
23
712
23
716
23
720
23
724
23
728
23
732
23
736
23
744
23
752
23
756
23
764
23
768
23
772
23
776
23
780
23
788
23
792
23
796
23
800
23
804
23
808
23
812
24
816
24
820
25
824
26
828
26
832
27
836
28
840
29
844
29
848
29
852
28
856
28
860
27
864
27
868
26
872
26
876
24
880
23
884
22
888
21
892
20
896
19
904
17
912
15
916
14
920
13
924
13
928
12
932
12
936
11
940
10
944
10
948
9
956
9
960
8
964
7
972
6
976
5
980
4
984
4
988
3
992
3
996
3
1000
3
1004
3
1008
3
1012
3
1020
3
1024
3
1032
3
1036
3
1040
3
1048
3
1052
3
1056
3
1064
3
1068
3
1076
3
1080
3
1084
3
1088
3
1092
3
1096
3
1100
3
1104
3
1108
4
1112
4
1116
4
1120
5
1124
6
1128
7
1136
7
1140
8
1148
9
1152
9
1156
9
1164
10
1168
10
1172
10
1180
10
1184
10
1188
10
1192
10
1196
10
1200
10
1204
9
1208
8
1212
7
1216
6
1220
6
1224
6
1228
6
1236
5
1240
5
1248
5
1256
4
1260
4
1264
4
1268
3
1272
3
1276
3
1280
3
1284
3
1288
4
1292
4
1300
5
1304
5
1316
6
1328
7
1336
8
1344
8
1348
9
1352
10
1356
10
1360
10
1364
9
1368
9
1380
9
1388
9
1404
9
1436
8
1476
7
1512
5
1528
5
1564
4
1588
3
1612
3
1628
2
1640
2
1656
2
1664
2
1676
2
1684
2
1692
2
1696
2
1708
2
1712
2
1720
3
1732
3
1740
3
1744
3
1748
3
1752
4
1756
4
1760
4
1768
5
1776
5
1780
6
1788
6
1792
6
1800
7
1816
8
1832
8
1844
9
1856
9
1868
10
1880
11
1888
11
1896
11
1900
11
1908
11
1916
11
1920
11
1936
11
1964
9
1996
7
2036
5
2060
5
2084
4
2112
3
2132
3
2140
2
2144
2
2152
2
2160
2
2164
2
2168
2
2172
3
2176
4
2180
5
2184
5
2188
6
2192
8
2196
9
2200
10
2204
10
2208
11
2212
11
2216
12
2220
12
2224
13
2232
14
2236
14
2240
14
2244
15
2248
15
2252
15
2256
15
2264
16
2268
16
2276
16
2280
16
2284
16
2292
16
2296
16
2304
16
2312
16
2328
17
2344
17
2360
17
2368
17
2384
17
2400
17
2412
17
2424
17
2436
17
2444
18
2456
19
2464
19
2476
19
2480
19
2488
19
2492
19
2500
19
2508
19
2512
19
2520
19
2528
18
2532
18
2540
17
2548
17
2560
16
2564
16
2568
16
2576
16
2580
15
2584
15
2588
15
2592
15
2596
14
2604
13
2608
11
2612
11
2616
10
2624
8
2628
8
2632
8
2636
8
2640
7
2648
7
2652
7
2656
7
2660
7
2664
7
2668
7
2672
7
2684
7
2704
9
2720
10
2740
12
2752
12
2756
13
2760
13
2764
14
2768
14
2776
15
2780
15
2784
16
2788
17
2792
18
2800
19
2804
20
2812
21
2820
21
2824
22
2832
22
2840
23
2848
24
2860
25
2864
26
2872
26
2876
27
2880
27
2884
27
2888
27
2892
27
2900
27
2904
27
2908
27
2912
27
2916
27
2920
27
2928
27
2940
27
2948
27
2952
27
2956
27
2964
27
2968
26
2976
26
2980
25
2988
23
2996
22
3000
21
3008
20
3012
19
3016
19
3024
18
3028
18
3040
17
3044
17
3052
16
3064
16
3072
15
3080
14
3092
13
3096
13
3108
12
3120
12
3136
12
3140
12
3152
12
3160
12
3168
12
3176
12
3180
12
3184
13
3188
13
3192
13
3196
13
3204
13
3220
13
3248
13
3272
13
3316
13
3340
13
3348
13
3376
13
3396
13
3416
13
3424
13
3436
13
3448
13
3456
13
3468
14
3476
15
3480
16
3488
18
3496
19
3504
20
3508
21
3512
22
3516
23
3524
24
3528
25
3536
26
3540
26
3544
26
3548
27
3556
28
3564
29
3568
29
3576
30
3580
31
3584
32
3588
32
3592
33
3596
33
3600
34
3604
34
3608
35
3616
36
3628
36
3632
37
3640
37
3648
37
3660
37
3672
38
3684
38
3692
38
3696
38
3700
38
3704
38
3708
39
3716
39
3720
39
3732
39
3740
39
3748
39
3752
39
3756
39
3768
39
3792
36
3820
32
3840
30
3876
26
3920
21
3948
19
3968
18
3984
16
4004
16
4016
15
4028
15
4036
15
4048
15
4056
15
4064
15
4072
15
4080
15
4092
15
4104
15
4116
16
4124
16
4140
16
4156
17
4176
18
4184
18
4192
19
4208
20
4216
22
4224
33
4240
33
4244
35
4256
35
4260
35
4264
38
4280
38
4284
38
4288
41
4296
41
4304
41
4308
41
4312
41
4316
46
4324
46
4328
46
4336
46
4340
46
4348
46
4356
46
4360
46
4368
50
4376
50
4384
50
4392
50
4396
54
4400
54
4404
54
4412
54
4416
54
4424
54
4428
54
4440
56
4460
56
4464
56
4476
60
4496
60
4500
62
4512
62
4516
63
4520
63
4528
64
4536
66
4540
67
4548
69
4552
70
4556
71
4560
72
4564
73
4568
75
4572
76
4576
77
4580
78
4584
79
4588
79
4592
79
4596
79
4604
79
4616
79
4620
78
4628
78
4636
78
4640
78
4648
78
4660
78
4664
77
4672
77
4680
77
4684
77
4696
77
4704
77
4708
77
4716
77
4720
77
4732
77
4736
77
4740
77
4744
78
4748
78
4756
79
4760
79
4764
80
4768
80
4772
82
4780
82
4784
82
4788
82
4792
84
4796
84
4804
84
4816
85
4820
87
4832
87
4836
89
4840
92
4848
92
4856
96
4860
99
4868
104
4872
104
4876
107
4880
110
4884
115
4888
115
4892
118
4896
118
4900
123
4904
123
4908
123
4912
126
4916
126
4920
129
4924
129
4928
131
4936
131
4948
134
4956
135
4960
136
4964
137
4968
137
4976
139
4984
139
4996
140
5016
143
5028
144
5036
144
5048
145
5056
145
5076
147
5084
147
5096
147
5108
147
5112
147
5116
147
5124
148
5128
148
5132
148
5136
148
5140
148
5144
148
5152
148
5156
149
5160
149
5164
149
5168
149
5172
149
5184
149
5188
149
5192
149
5196
149
5200
149
5208
149
5216
149
5224
149
5228
150
5232
150
5236
150
5240
150
5248
152
5256
152
5264
154
5268
154
5276
157
5284
157
5292
162
5300
162
5308
162
5312
165
5320
165
5328
170
5340
170
5348
173
5356
176
5360
177
5364
183
5368
183
5372
183
5376
183
5380
185
5388
185
5396
185
5408
186
5416
188
5424
188
5432
188
5440
189
5448
189
5460
190
5468
190
5472
190
5476
190
5484
190
5488
190
5496
190
5504
190
5508
190
5512
190
5516
191
5524
191
5528
191
5536
191
5540
191
5544
191
5548
191
5552
191
5556
191
5560
191
5564
191
5568
192
5572
193
5576
194
5580
196
5584
197
5592
200
5596
201
5600
204
5604
204
5608
206
5612
209
5616
209
5620
211
5624
213
5628
215
5632
215
5636
216
5640
216
5644
217
5648
218
5652
218
5656
219
5660
219
5668
219
5672
220
5680
220
5684
220
5688
220
5692
220
5696
220
5700
220
5704
220
5708
220
5712
220
5716
220
5724
220
5732
220
5736
220
5740
220
5748
220
5752
220
5756
220
5760
220
5764
220
5768
220
5772
220
5776
219
5780
219
5784
219
5788
219
5792
219
5796
219
5800
219
5804
219
5808
219
5812
219
5816
219
5820
219
5824
219
5828
219
5832
219
5836
219
5840
219
5852
220
5860
220
5872
221
5876
222
5880
222
5884
223
5888
223
5892
224
5896
225
5904
227
5912
228
5920
230
5924
231
5936
232
5940
233
5948
234
5960
235
5968
235
5976
235
5984
235
6000
235
6012
235
6024
235
6036
235
6044
235
6060
235
6068
235
6080
235
6088
234
6100
234
6116
234
6124
234
6140
234
6144
234
6156
234
6168
234
6172
234
6180
234
6184
234
6192
234
6200
235
6208
236
6212
237
6216
238
6220
240
6224
240
6228
241
6232
242
6236
243
6240
244
6244
245
6248
245
6252
246
6256
246
6260
247
6264
247
6272
247
6288
247
6300
247
6316
248
6328
248
6336
249
6344
249
6348
249
6352
249
7422
249
7423
249
7424
249
7425
249
7426
249
7427
249
7428
249
7429
250
7430
250
7431
250
7432
250
7434
250
7435
251
7436
251
7437
251
7439
251
7440
252
7441
252
7442
252
7444
252
7445
252
7447
252
7448
252
7450
252
7451
252
7452
252
7453
252
7455
252
7456
252
7457
252
7458
252
7459
252
7460
253
7462
253
7463
253
7464
253
7466
253
7468
253
7471
253
7472
253
7474
253
7476
253
7479
253
7481
253
7485
253
7487
253
7490
253
7493
253
7497
253
7501
253
7505
253
7511
253
7516
253
7522
253
7528
253
7540
253
7548
253
7557
254
7566
255
7576
255
7588
256
7600
257
7612
257
7625
259
7638
260
7653
262
7665
263
7672
264
7690
267
7702
268
7713
269
7724
270
7729
271
7739
272
7754
274
7764
275
7774
276
7779
277
7788
278
7796
279
7804
281
7818
283
7827
285
7836
286
7841
288
7855
291
7866
293
7877
296
7888
298
7893
299
7909
303
7920
305
7929
307
7941
309
7952
311
7964
312
7976
314
7990
316
8005
317
8019
320
8034
321
8051
323
8065
324
8072
325
8085
326
8105
328
8117
329
8129
330
8134
330
8153
330
8165
331
8178
333
8193
336
8207
339
8222
345
8238
351
8254
359
8267
366
8272
369
8281
374
8282
377
8283
377
8284
377
8285
377
8288
377
8290
377
8292
377
8293
377
8295
377
8296
377
8300
377
8301
377
8302
377
8303
377
8305
377
8307
377
8309
377
8310
377
8312
377
8313
377
8315
377
8317
378
8319
378
8321
378
8323
378
8325
379
8327
379
8329
379
8331
379
8333
380
8335
380
8336
380
8337
380
8339
381
8341
381
8343
382
8345
382
8347
382
8349
383
8351
383
8354
384
8355
384
8358
384
8359
384
8360
385
8363
385
8365
385
8367
386
8369
387
8372
387
8374
387
8378
388
8380
388
8381
388
8384
388
8387
388
8392
388
8397
388
8403
388
8407
388
8408
388
8414
388
8419
388
8425
388
8430
389
8435
389
8436
389
8440
389
8445
389
8449
389
8454
389
8459
389
8464
389
8469
389
8473
389
8474
389
8478
389
8482
389
8486
389
8488
389
8494
389
8497
389
8499
389
8501
389
8505
389
8510
389
8515
389
8519
389
8521
390
8524
390
8529
390
8530
390
8537
390
8539
390
8541
390
8544
390
8547
390
8549
390
8554
390
8555
390
8556
390
8558
390
8560
390
8561
390
8562
390
8563
390
8567
390
8569
391
8574
391
8582
391
8584
392
8589
392
8597
393
8602
394
8612
394
8621
395
8629
395
8631
395
8635
395
8642
396
8647
396
8650
396
8656
397
8662
397
8664
397
8671
397
8678
397
8682
397
8687
397
8690
397
8697
397
8698
397
8705
397
8707
397
8711
397
8715
397
8717
397
8722
397
8725
397
8728
397
8731
397
8734
397
8735
397
8737
397
8741
397
8743
397
8746
397
8749
397
8751
397
8755
397
8757
397
8760
397
8762
397
8765
397
8768
398
8769
398
8771
398
8774
399
8776
399
8777
399
8780
399
8782
400
8783
400
8785
400
8788
401
8792
401
8794
402
8796
402
8801
402
8802
403
8803
403
8807
403
8810
404
8811
404
8814
404
8818
405
8822
405
8825
405
8829
405
8830
405
8834
405
8835
405
8838
405
8841
405
8842
405
8845
405
8846
405
8848
405
8849
405
8851
405
8854
405
8855
405
8856
405
8857
405
8858
405
8860
405
8861
405
8862
405
8863
405
8864
404
8865
402
8866
402
8867
401
8868
400
8869
400
8870
400
8871
401
8873
401
8874
401
8875
402
8876
402
8878
402
8879
402
8881
402
8882
403
8883
403
8885
403
8888
403
8894
404
8900
404
8905
405
8910
406
8914
406
8916
406
8920
407
8923
407
8926
408
8929
408
8930
409
8933
409
8935
409
8937
409
8939
409
8941
410
8943
410
8945
410
8947
410
8949
410
8951
410
8952
410
8955
410
8956
410
8958
410
8960
410
8961
410
8963
410
8965
410
8966
410
8967
410
8968
410
8969
410
8970
410
8971
410
8972
410
8973
410
8974
410
8975
410
8976
410
8977
410
8978
410
8979
410
8980
410
8981
410
8982
410
8983
410
8984
410
8985
410
8986
410
8987
410
8988
410
8989
410
8990
410
8991
410
8992
410
8993
410
8994
410
8995
410
8996
410
8997
410
8998
410
8999
410
9000
410
9001
410
9003
410
9004
410
9006
410
9007
410
9009
410
9010
410
9011
410
9012
410
9013
410
9014
410
9015
410
9016
410
9017
410
9018
410
9019
410
9020
410
9021
410
9022
410
9023
410
9024
411
9025
411
9026
411
9027
411
9028
411
9029
411
9030
411
9031
411
9032
411
9033
411
9034
411
9035
411
9036
411
9037
412
9038
412
9039
413
9040
413
9041
413
2147483647
413
ENV
-40
488
-39
488
-38
489
-37
490
-36
490
-33
493
-31
494
-30
495
-28
497
-25
498
-24
500
-22
501
-20
502
-19
504
-18
505
-17
506
-16
507
-15
508
-14
509
-13
510
-12
511
-11
512
-10
513
-9
515
-8
516
-7
518
-6
519
-5
520
-4
514
-3
513
-2
513
-1
511
0
511
1
510
2
509
3
509
4
507
5
506
6
503
7
502
8
500
9
499
10
498
11
497
12
499
13
503
8996
501
8998
503
9000
505
9002
504
9004
504
9006
504
9008
504
9010
504
9012
504
9014
504
9016
504
9018
504
9020
504
9022
503
9024
503
9026
503
9028
502
9030
502
9032
501
9034
501
9036
500
9038
500
9040
500
9042
499
9044
499
9046
499
9048
499
9050
498
9052
498
9054
498
9056
497
9058
497
9060
497
9062
496
9064
496
9066
495
9068
494
9070
493
9072
492
9074
491
9076
490
9078
489
9080
488
9082
486
9084
485
9086
484
9088
483
9090
483
9092
482
9094
481
9096
480
9098
479
9100
479
9102
479
9104
478
9106
476
9108
475
9110
474
9112
473
9114
472
9116
470
9118
468
9120
466
9122
464
9124
462
9126
459
9128
458
9130
456
9132
454
9134
453
9136
452
9138
449
9140
448
9142
445
9144
444
9146
441
9148
440
9150
437
9152
436
9154
434
9156
432
9158
430
9160
428
9162
426
9164
423
9166
422
9168
419
9170
418
9172
416
9174
414
9176
412
9178
411
9180
409
9182
407
9184
405
9186
404
9188
402
9190
400
9192
399
9194
397
9196
395
9198
394
9200
392
9202
390
9204
389
9206
387
9208
378
9210
375
9212
372
9214
368
9216
365
9218
361
9220
358
9222
355
9224
353
9226
349
9228
346
9230
342
9232
339
9234
336
9236
333
9238
331
9240
328
9242
326
9244
323
9246
321
9248
318
9250
314
9252
311
9254
309
9256
306
9258
302
9260
296
9262
292
9264
288
9266
285
9268
281
9270
278
9272
276
9274
272
9276
268
9278
266
9280
263
9282
261
9284
258
9286
256
9288
253
9290
251
9292
248
9294
246
9296
248
9298
253
9300
249
9302
243
9304
240
9306
236
9308
233
9310
230
9312
224
9314
221
9316
219
9318
215
9320
213
9322
210
9324
208
9326
204
9328
198
9330
193
9332
184
9334
173
9336
165
9338
160
9340
154
9342
148
9344
143
9346
137
9348
128
9350
123
9352
120
9354
118
9356
116
9358
114
9360
91
9362
79
9364
75
9366
71
9368
68
9370
63
9372
61
9374
57
9376
55
9378
52
9380
50
9382
48
9384
45
9386
43
9388
41
9390
39
9392
36
9394
31
9396
27
9398
25
9400
23
9402
21
9404
19
9406
17
9408
14
9410
13
9412
10
9414
8
9416
4
9418
-1
9420
-3
9422
-5
9424
-3
9426
-3
9428
-4
9430
-4
9432
-5
9434
-6
9436
-7
9438
-8
9440
-9
9442
-10
9444
-12
9446
-13
9448
-15
9450
-17
9452
-18
9454
-19
9456
-20
9458
-21
9460
-22
9462
-22
9464
-23
9466
-24
9468
-24
9470
-25
9472
-26
9474
-26
9476
-27
9478
-28
9480
-29
9482
-30
9484
-30
9486
-31
9488
-31
9490
-32
9492
-32
9494
-32
9496
-32
9498
-32
9500
-32
9502
-32
9504
-32
9506
-31
9508
-30
9510
-30
9512
-29
9514
-29
9516
-28
9518
-27
9520
-27
9522
-26
9524
-25
9526
-25
9528
-25
9530
-25
9532
-25
9534
-25
9536
-25
9538
-25
9540
-25
9542
-25
9544
-24
9546
-24
9548
-24
9552
-23
9554
-23
9558
-22
9560
-21
9562
-20
9564
-20
9566
-19
9568
-18
9570
-17
9572
-16
9574
-16
9576
-15
9578
-14
9580
-14
9582
-14
9584
-14
9586
-14
9588
-14
9590
-14
9592
-14
9594
-14
9596
-13
9598
-13
9600
-13
9602
-13
9604
-13
9606
-13
9608
-13
9610
-13
9612
-13
9614
-13
9616
-13
9618
-12
9620
-12
9622
-12
10014
-8
10016
-5
10018
1
10020
4
10022
6
10024
11
10026
13
10028
15
10030
17
10032
20
10034
23
10036
27
10038
30
10040
36
10042
42
10044
47
10046
50
10048
53
10050
55
10052
58
10054
61
10056
63
10058
66
10060
69
10062
73
10064
77
10066
82
10068
84
10070
88
10072
90
10074
94
10076
98
10078
101
10080
104
10082
108
10084
110
10086
112
10088
114
10090
121
10092
127
10094
140
10096
144
10098
148
10100
152
10102
154
10104
157
10106
159
10108
164
10110
170
10112
174
10114
177
10116
180
10118
182
10120
185
10122
187
10124
189
10126
191
10128
192
10130
194
10132
196
10134
199
10136
212
10138
215
10140
217
10142
220
10144
223
10146
225
10148
227
10150
229
10152
231
10154
233
10156
235
10158
236
10160
238
10162
240
10164
241
10166
243
10168
244
10170
245
10172
249
10174
250
10176
253
10178
255
10180
259
10182
264
10184
270
10186
276
10188
281
10190
286
10192
290
10194
295
10196
302
10198
305
10200
307
10202
311
10204
316
10206
318
10208
322
10210
325
10212
338
10214
351
10216
358
10218
362
10220
366
10222
370
10224
375
10226
380
10228
387
10230
389
10232
394
10234
396
10236
400
10238
403
10240
406
10242
411
10244
414
10246
416
10248
418
10250
421
10252
425
10254
429
10256
431
10258
435
10260
438
10262
443
10264
450
10266
455
10268
459
10270
463
10272
465
10274
467
10276
469
10278
471
10280
473
10282
475
10284
476
10286
478
10288
480
10290
481
10292
483
10294
485
10296
486
10298
488
10300
489
10302
490
10304
492
10306
493
10308
494
10310
496
10312
497
10314
498
10316
499
10318
500
10320
502
10322
503
10324
504
10326
505
10328
506
13088
504
13090
504
13092
504
13094
503
13096
503
13098
502
13100
502
13102
501
13106
499
13108
498
13114
496
13120
494
13126
492
13132
491
13136
489
13140
488
13146
487
13148
486
13152
485
13156
484
13160
482
13166
481
13170
478
13182
474
13186
471
13194
468
13202
464
13206
463
13212
461
13214
459
13218
458
13220
456
13222
456
13224
455
13228
454
13230
452
13232
451
13236
450
13240
448
13244
446
13246
446
13248
444
13250
443
13252
443
13256
440
13258
439
13260
437
13262
436
13264
436
13266
432
13268
432
13270
432
13272
430
13274
430
13276
430
13278
428
13280
428
13282
426
13284
426
13286
424
13288
424
13290
422
13292
422
13296
420
13298
415
13302
415
13308
415
13310
413
13312
413
13314
409
13318
409
13320
405
13324
405
13326
405
13328
400
13332
400
13334
400
13338
396
13340
396
13342
396
13344
394
13346
391
13350
391
13352
389
13354
387
13356
386
13358
385
13360
384
13362
383
13364
382
13366
380
13368
380
13372
379
13374
377
13376
375
13378
375
13382
372
13384
372
13388
369
13390
369
13392
368
13394
365
13396
365
13400
363
13402
362
13404
362
13406
361
13410
359
13414
357
13416
356
13420
354
13424
352
13426
349
13428
349
13430
347
13432
347
13434
344
13436
344
13438
344
13440
342
13442
342
13444
339
13446
339
13448
336
13450
336
13452
336
13454
332
13456
332
13458
332
13460
332
13462
330
13464
329
13466
328
13468
326
13470
324
13472
324
13474
321
13476
321
13478
318
13480
318
13482
314
13484
314
13486
310
13488
310
13490
309
13492
307
13494
307
13496
305
13498
303
13500
301
13502
300
13504
298
13506
296
13508
293
13510
291
13512
291
13514
288
13516
288
13518
286
13520
284
13522
284
13524
282
13526
281
13528
279
13530
278
13532
276
13534
271
13536
271
13538
268
13540
263
13542
263
13544
260
13546
257
13548
257
13550
254
13552
254
13554
250
13556
248
13558
247
13560
245
13562
243
13564
242
13566
242
13568
240
13570
238
13572
237
13574
235
13576
234
13578
234
13580
231
13582
231
13584
227
13586
227
13588
223
13590
223
13592
221
13594
221
13596
219
13598
217
13600
217
13602
214
13604
213
13606
212
13608
209
13610
205
13612
205
13614
202
13616
201
13618
199
13620
197
13622
196
13624
195
13626
192
13628
190
13630
189
13632
189
13634
187
13636
185
13638
185
13640
182
13642
182
13644
179
13646
179
13648
179
13650
175
13652
175
13654
174
13656
171
13658
171
13660
169
13662
168
13664
166
13666
164
13668
163
13670
160
13672
159
13674
157
13676
156
13678
155
13680
153
13682
153
13684
151
13686
150
13688
150
13690
148
13692
147
13694
146
13696
144
13698
143
13700
142
13702
140
13704
139
13706
138
13708
136
13710
135
13712
133
13714
132
13716
128
13718
124
13720
124
13722
122
13724
121
13726
118
13728
117
13730
115
13732
113
13734
112
13736
109
13738
106
13740
106
13742
104
13744
102
13746
100
13748
98
13750
97
13752
94
13754
93
13756
90
13758
87
13760
85
13762
84
13764
81
13766
80
13768
78
13770
76
13772
74
13774
73
13776
70
13778
69
13780
67
13782
66
13784
64
13786
63
13788
62
13790
60
13792
59
13794
57
13796
57
13798
56
13800
54
13802
53
13804
52
13806
51
13808
50
13810
48
13812
47
13814
47
13816
46
13818
42
13820
41
13822
39
13824
38
13826
36
13828
34
13830
32
13832
31
13834
28
13836
27
13838
25
13840
24
13842
22
13844
20
13846
19
13848
18
13850
17
13852
15
13854
14
13856
13
13858
12
13860
11
13862
9
13864
7
13866
6
13868
5
13870
2
13872
2
13874
-1
13876
-2
13878
-3
13880
-3
13882
-4
13884
-4
13886
-6
13888
-6
13890
-7
13892
-8
13894
-9
13896
-10
13898
-11
13900
-12
13902
-13
13904
-13
14200
-37
14202
-38
14204
-38
14206
-38
14208
-38
14210
-38
14212
-38
14216
-35
14224
-35
14228
-34
14240
-34
14250
-33
14262
-33
14272
-32
14284
-32
14294
-32
14308
-32
14322
-32
14336
-32
14350
-32
14362
-32
14376
-32
14388
-32
14400
-32
14412
-32
14422
-32
14430
-32
14438
-32
14446
-32
14456
-32
14460
-33
14464
-33
14480
-34
14484
-34
14488
-34
14498
-36
14504
-36
14506
-36
14510
-37
14516
-37
14518
-37
14520
-38
14524
-38
14526
-38
14528
-38
14530
-38
14532
-38
14534
-38
14536
-37
14538
-37
14542
-36
14550
-34
14556
-33
14562
-32
14566
-32
14576
-30
14590
-28
14606
-27
14622
-26
14642
-25
14654
-24
14678
-23
14698
-23
14702
-23
14706
-23
14710
-23
14716
-23
14730
-23
14732
-23
14742
-23
14754
-23
14758
-23
14768
-23
14776
-23
14786
-23
14788
-23
14792
-23
14800
-23
14806
-23
14812
-23
14814
-23
14822
-23
14826
-23
14832
-23
14842
-23
14844
-23
14850
-23
14854
-23
14862
-23
14868
-23
14872
-23
14876
-23
14880
-23
14882
-23
14886
-23
14890
-23
14894
-23
14898
-23
14906
-23
14914
-23
14922
-23
14926
-23
14934
-23
14940
-23
14946
-23
14950
-23
14954
-23
14960
-23
14966
-23
14972
-23
14978
-23
14988
-23
14994
-23
14998
-23
15006
-23
15016
-23
15026
-23
15034
-23
15038
-23
15046
-23
15056
-23
15060
-23
15064
-23
15074
-23
15084
-23
15092
-23
15102
-23
15110
-23
15118
-23
15122
-23
15128
-23
15134
-23
15138
-23
15140
-23
15144
-23
15146
-23
15150
-23
15152
-23
15154
-23
15160
-23
15166
-23
15174
-23
15176
-23
15186
-23
15194
-22
15204
-22
15206
-22
15214
-22
15222
-22
15224
-22
15226
-22
15230
-22
15234
-22
15238
-22
15240
-22
15244
-22
15250
-22
15254
-22
15256
-22
15260
-22
15264
-22
15272
-22
15274
-22
15280
-22
15282
-22
15284
-22
15290
-22
15292
-22
15296
-22
15302
-22
15304
-22
15306
-22
15312
-22
15314
-22
15318
-22
15320
-22
15322
-22
15324
-22
15326
-22
15328
-22
15330
-22
15332
-22
15334
-22
15336
-22
15338
-22
15340
-22
15342
-22
15344
-22
15346
-22
15348
-22
15352
-22
15354
-22
15356
-22
15358
-22
15362
-22
15364
-22
15366
-22
15368
-22
15370
-22
15372
-22
15374
-22
15376
-22
15378
-22
15380
-22
15382
-22
15384
-22
15386
-22
15388
-22
15392
-22
15396
-22
15398
-22
15400
-22
15404
-22
15408
-22
15410
-22
15414
-22
15416
-22
15418
-22
15420
-22
15422
-22
15426
-22
15428
-22
15430
-22
15432
-22
15434
-22
15436
-22
15438
-22
15440
-22
15442
-22
15444
-22
15446
-22
15448
-22
15452
-22
15454
-22
15456
-22
15458
-22
15460
-22
15462
-22
15464
-22
15466
-22
15468
-22
15470
-22
15472
-22
15474
-21
15476
-21
15478
-21
15480
-20
15482
-20
15484
-19
15486
-19
15488
-18
15490
-11
15492
-11
15494
-11
15496
-11
15500
-11
15502
-11
15508
-11
15514
-11
15518
-10
15526
-10
15530
-9
15536
-9
15540
-9
15550
-8
15558
-8
15568
-7
15578
-7
15590
-7
15596
-7
15604
-7
15610
-7
15614
-7
15618
-7
15620
-7
15622
-7
15624
-7
15626
-7
15628
-7
15630
-7
15632
-7
15634
5
15636
6
15638
7
15640
7
15642
8
15644
9
15646
10
15648
10
15650
11
15652
12
15654
12
15656
13
15658
14
15660
14
15662
15
15664
15
15666
16
15668
17
15670
17
15672
18
15674
19
15676
20
15678
20
15680
20
15682
21
15684
22
15686
23
15688
23
15690
24
15692
25
15694
25
15696
26
15698
27
15700
28
15702
29
15704
30
15706
32
15708
32
15710
33
15712
34
15714
35
15716
36
15718
37
15720
38
15722
40
15726
43
15728
44
15730
46
15732
47
15736
51
15738
52
15740
54
15742
56
15744
58
15748
60
15750
62
15752
64
15754
66
15756
67
15760
69
15762
71
15764
73
15768
75
15770
77
15774
80
15776
81
15780
85
15782
86
15784
87
15788
92
15792
94
15794
95
15796
97
15798
99
15802
102
15804
103
15806
105
15808
107
15810
109
15814
110
15816
111
15818
112
15820
114
15822
115
15824
116
15826
117
15828
118
15830
118
15832
119
15834
119
15836
120
15838
121
15840
122
15842
122
15844
123
15846
124
15848
126
15850
127
15852
129
15854
131
15856
132
15858
134
15860
135
15862
137
15864
138
15866
139
15868
141
15870
143
15872
145
15874
146
15876
149
15878
150
15880
153
15882
155
15884
158
15888
174
15890
179
15892
182
15894
184
15896
187
15898
190
15900
193
15902
193
15904
196
15906
199
15908
202
15910
202
15912
205
15914
207
15916
209
15918
209
15920
212
15922
215
15924
215
15926
217
15928
220
15930
220
15932
222
15934
225
15936
227
15938
229
15940
229
15942
231
15944
235
15946
236
15948
237
15950
238
15952
239
15954
241
15956
243
15958
246
15960
246
15962
250
15964
250
15966
250
15968
254
15970
254
15972
258
15974
258
15978
262
15980
262
15982
267
15986
267
15990
271
15994
277
15996
277
15998
282
16000
282
16004
287
16006
288
16008
293
16010
293
16012
296
16014
296
16016
299
16018
302
16020
306
16022
309
16026
314
16028
318
16030
323
16032
325
16034
330
16036
332
16038
335
16040
337
16042
339
16044
342
16046
344
16048
347
16050
348
16052
350
16054
351
16056
354
16058
355
16060
357
16062
357
16064
358
16066
360
16068
362
16070
364
16072
366
16074
367
16076
369
16078
371
16080
374
16082
376
16084
379
16086
381
16088
381
16090
384
16092
385
16094
388
16096
390
16100
392
16102
394
16104
396
16106
397
16108
404
16110
406
16112
408
16114
410
16116
413
16118
415
16120
417
16122
417
16124
420
16126
423
16128
423
16130
424
16132
426
16134
429
16136
429
16138
430
16140
432
16142
435
16144
437
16146
439
16148
440
16150
443
16152
444
16154
445
16156
447
16158
447
16160
448
16162
450
16164
450
16166
451
16168
453
16170
453
16172
455
16174
456
16176
457
16178
458
16180
459
16182
460
16184
461
16186
462
16188
463
16190
464
16192
466
16194
467
16196
468
16198
469
16200
470
16202
472
16204
472
16206
473
16208
474
16210
475
16212
476
16214
477
16216
479
16218
480
16220
481
16222
482
16224
485
16226
486
16228
488
16230
489
16232
492
16234
494
16236
496
16238
499
16240
502
16242
504
16244
506
16246
506
16248
509
16250
510
16252
512
16254
513
2147483647
513
ENV
0
514
8824
514
8826
514
8828
514
8830
514
8832
514
8834
514
8836
514
8840
514
8842
514
8844
514
8846
514
8850
514
8852
514
8854
514
8856
514
8858
515
8860
515
8862
515
8864
516
8866
516
8868
516
8870
516
8872
516
8874
516
8876
516
8878
517
8880
517
8882
517
8886
517
8888
517
8890
517
8892
517
8894
517
8896
517
8898
517
8900
517
8902
517
8904
517
8906
518
8910
518
8912
518
8916
518
8918
518
8920
518
8922
518
8924
518
8926
518
8928
518
8930
518
8932
518
8934
518
8936
518
8938
518
8940
518
8942
518
8944
518
8946
518
8948
518
8950
518
8952
518
8954
518
8956
518
8958
518
8960
518
8962
518
8964
518
8966
517
8968
517
8970
517
8972
517
8974
517
8976
517
8978
517
8980
517
8982
517
8984
517
8986
517
8988
517
8990
517
8992
517
8994
517
8996
517
8998
517
9000
517
9002
517
9004
517
9006
517
9008
517
9010
517
9012
517
9014
517
9016
517
9018
517
9020
516
9022
516
9024
516
9028
516
9032
516
9034
516
9036
516
9040
516
9042
516
9044
516
9046
516
9050
516
9052
516
9054
516
9056
516
9058
516
9060
516
9062
516
9064
516
9066
516
9068
516
9070
515
9072
515
9074
515
9076
515
9078
514
9080
514
9082
514
9086
514
9088
513
9090
513
9092
513
9094
512
9096
512
9098
512
9100
512
9102
512
9104
512
9106
512
9108
512
9110
512
9112
511
9114
511
9116
511
9118
511
9120
511
9122
511
9124
510
9126
510
9128
509
9130
509
9132
509
9134
509
9136
509
9138
508
9140
508
9142
508
9144
508
9146
508
9148
509
9150
509
9152
509
9154
510
9156
510
9158
510
9160
510
9162
510
9164
510
9166
510
9168
510
9170
510
9172
510
9174
510
9176
510
9178
510
9180
510
9182
510
9184
510
9186
508
9188
508
9190
508
9192
508
9194
508
9196
508
9198
508
9200
508
9202
508
9204
508
9206
508
9208
508
9210
508
9212
508
9214
508
9216
508
9218
508
9220
508
9222
508
9226
508
9228
508
9232
509
9234
509
9238
509
9240
509
9244
509
9248
509
9250
509
9252
510
9256
510
9258
510
9260
510
9264
510
9266
510
9268
510
9270
510
9274
510
9276
510
9278
510
9280
510
9284
510
9286
510
9288
510
9290
510
9294
510
9296
510
9300
510
9304
511
9306
511
9308
511
9310
511
9312
511
9314
512
9316
512
9318
512
9320
512
9322
512
9324
512
9326
512
9328
512
9330
512
9332
512
9334
512
9336
512
9338
512
9340
512
9342
512
9344
512
9346
512
9348
512
9350
512
9352
512
9354
512
9356
511
9358
511
9360
511
9362
511
9364
510
9366
510
9368
509
9370
509
9372
509
9374
508
9376
508
9378
508
9380
507
9382
507
9384
507
9386
506
9388
506
9390
506
9392
505
9394
504
9396
504
9398
503
9400
503
9402
503
9404
503
9406
504
9408
504
9410
504
9412
504
9414
504
9416
504
9418
504
9420
504
9422
504
9424
504
9426
504
9428
504
9430
504
9432
503
9434
503
9436
503
9438
503
9440
503
9442
503
9444
503
9446
503
9448
503
9450
502
9452
502
9454
502
9456
501
9458
501
9460
501
9462
501
9464
501
9466
501
9468
501
9470
501
9472
501
9474
501
9476
501
9478
501
9480
501
9482
501
9484
501
9486
501
9488
501
9490
500
9492
500
9494
498
9496
497
9498
495
9500
494
9502
494
9504
493
9506
493
9508
492
9510
489
9512
486
9514
484
9516
482
9518
481
9520
480
9522
478
9524
477
9526
476
9528
475
9530
474
9532
473
9534
471
9536
467
9538
464
9540
461
9542
459
9544
457
9546
454
9548
451
9550
449
9552
446
9554
445
9556
443
9558
441
9560
439
9562
437
9564
435
9566
433
9568
431
9570
430
9572
429
9574
426
9576
423
9578
420
9580
419
9582
418
9584
417
9586
416
9588
414
9590
411
9594
409
9596
407
9600
405
9604
404
9606
402
9610
400
9612
399
9614
397
9616
393
9618
390
9620
386
9622
385
9624
383
9626
380
9628
374
9630
368
9632
364
9634
361
9636
359
9638
356
9640
355
9642
352
9644
351
9646
349
9648
348
9650
346
9652
344
9654
342
9656
338
9658
335
9660
333
9662
332
9664
329
9666
318
9668
313
9670
308
9672
302
9674
296
9676
289
9678
285
9680
281
9682
278
9684
275
9686
271
9688
268
9690
265
9692
264
9694
262
9696
261
9698
259
9700
258
9702
253
9704
251
9706
248
9708
246
9710
245
9712
242
9714
241
9716
239
9718
236
9720
234
9722
232
9724
229
9726
228
9728
226
9730
223
9732
220
9734
217
9736
213
9738
208
9740
204
9742
200
9744
196
9746
193
9748
172
9750
167
9752
165
9754
161
9756
158
9758
155
9760
152
9762
149
9764
147
9766
145
9768
143
9770
141
9772
140
9774
138
9776
136
9778
134
9780
132
9782
130
9784
127
9786
124
9788
121
9790
118
9792
111
9794
108
9796
105
9798
103
9800
99
9802
96
9804
93
9806
92
9808
90
9810
88
9812
87
9814
85
9816
83
9818
80
9820
78
9822
76
9824
74
9826
71
9828
68
9830
64
9832
59
9834
56
9836
52
9838
50
9840
46
9842
44
9844
40
9846
30
9848
27
9850
25
9852
23
9854
22
9856
20
9858
19
9860
17
9862
16
9864
14
9866
13
9868
13
9870
11
9872
8
9874
6
9876
4
9878
1
9880
-1
9882
-3
9884
-3
9886
-5
9888
-7
9890
-8
9892
-10
9894
-12
9896
-12
9898
-13
9900
-15
9902
-17
9904
-18
9906
-20
9908
-22
9910
-23
9912
-24
9914
-25
9916
-27
9918
-28
9920
-29
9922
-30
9924
-31
9926
-32
9928
-33
9930
-35
9932
-37
9934
-39
9936
-41
9938
-43
9940
-45
9942
-45
9944
-46
9946
-46
9948
-47
9950
-47
9952
-48
9954
-48
9956
-48
9958
-49
9960
-50
9962
-50
9964
-51
9966
-52
9968
-52
9970
-53
9972
-54
9974
-55
9976
-55
9978
-56
9980
-56
12314
-14
12316
-14
12318
-14
12320
-14
12322
-14
12324
-14
12326
-14
12328
-14
12330
-14
12332
-14
12334
-14
12336
-14
12338
-14
12340
-14
12344
-14
12346
-14
12348
-14
12350
-15
12352
-15
12356
-15
12362
-16
12366
-17
12368
-17
12374
-18
12376
-18
12382
-18
12386
-19
12390
-19
12398
-20
12400
-20
12410
-21
12412
-21
12422
-21
12426
-22
12432
-22
12440
-23
12444
-23
12454
-24
12464
-24
12470
-25
12474
-25
12484
-26
12488
-26
12496
-26
12500
-26
12502
-26
12504
-27
12506
-27
12508
-27
12510
-27
12512
-27
12514
-27
12516
-27
12518
-28
12520
-28
12522
-28
12524
-28
12526
-28
12528
-28
12530
-28
12532
-28
12534
-28
12536
-28
12538
-28
12540
-28
12542
-28
12544
-28
12546
-29
12548
-29
12550
-29
12552
-29
12554
-29
12556
-29
12558
-29
12560
-29
12562
-29
12564
-29
12566
-29
12568
-29
12570
-29
12572
-29
12574
-29
12578
-29
12580
-29
12582
-29
12584
-29
12586
-29
12588
-29
12590
-29
12592
-29
12594
-29
12596
-29
12598
-29
12600
-29
12602
-29
12604
-29
12606
-29
12608
-29
12610
-29
12612
-29
12614
-29
12616
-29
12618
-29
12620
-29
12622
-29
12624
-29
12628
-29
12630
-29
12632
-29
12634
-29
12636
-29
12640
-29
12642
-29
12646
-29
12648
-29
12652
-29
12654
-29
12656
-29
12658
-29
12660
-29
12662
-29
12664
-29
12666
-28
12668
-28
12670
-28
12672
-28
12674
-28
12676
-28
12678
-28
12680
-28
12682
-27
12684
-27
12686
-27
12688
-27
12690
-27
12692
-26
12694
-26
12696
-26
12698
-26
12700
-26
12702
-26
12704
-26
12706
-26
12708
-26
12710
-26
12712
-26
12714
-26
12716
-26
12718
-26
12720
-26
12722
-26
12724
-26
12726
-26
12728
-25
12730
-25
12732
-25
12734
-25
12736
-25
12738
-25
12740
-25
12742
-25
12744
-25
12746
-25
12748
-25
12750
-25
12752
-25
12754
-25
12756
-25
12758
-25
12760
-25
12762
-25
12764
-25
12766
-25
12768
-25
12770
-24
12774
-24
12776
-24
12780
-24
12782
-24
12784
-24
12786
-24
12788
-24
12790
-24
12792
-23
12794
-23
12796
-23
12798
-23
12800
-22
12802
-22
12804
-21
12806
-21
12808
-21
12810
-21
12812
-21
12814
-21
12816
-21
12818
-20
12820
-20
12822
-20
12824
-20
12826
-19
12828
-19
12830
-18
12832
-18
12834
-18
12836
-18
12838
-18
12842
-17
12844
-17
12846
-17
12848
-17
12850
-16
12854
-16
12856
-15
12858
-14
12860
-14
12862
-13
12864
-13
12866
-12
12868
-12
12870
-11
12872
-10
12874
-10
12876
-10
12878
-8
12880
-8
12882
-8
12884
-8
12886
-7
12888
-7
12890
-6
12892
-6
12894
-6
12896
-6
12898
-6
12900
-6
12902
-5
12906
-5
12908
-5
12910
-5
12912
-5
12914
-5
12916
-5
12918
-5
12920
-4
12922
-4
12924
13
12926
15
12928
18
12930
22
12932
24
12934
27
12936
28
12938
31
12940
34
12942
35
12944
39
12946
41
12948
43
12950
45
12952
46
12954
49
12956
51
12958
52
12960
53
12962
55
12964
56
12966
58
12968
60
12970
62
12972
63
12974
66
12976
67
12978
69
12980
72
12982
74
12984
76
12986
79
12988
80
12990
82
12992
85
12994
87
12996
90
12998
92
13002
96
13004
99
13006
102
13010
106
13014
110
13016
114
13018
119
13020
119
13024
123
13028
128
13032
132
13036
138
13038
141
13040
141
13042
144
13044
146
13046
150
13048
153
13050
156
13052
161
13054
164
13056
169
13058
171
13060
175
13062
180
13064
183
13066
185
13068
191
13070
194
13072
494
13074
501
13076
505
13078
510
13080
513
13082
518
13084
521
13086
526
13088
530
13090
533
13092
533
13094
533
13096
532
13098
532
13100
532
13102
531
13104
531
13106
531
13108
531
13110
530
13112
530
13114
530
13116
529
13120
529
13122
529
13124
529
13126
528
13128
527
13130
527
13132
527
13134
527
13136
527
13138
527
13140
526
13142
526
13144
526
13146
525
13148
525
13152
525
13158
525
13164
525
13170
525
13178
525
13186
524
13194
524
13196
524
13204
524
13210
524
13214
524
13220
524
13224
524
13228
524
13232
524
13236
524
13238
525
13242
525
13246
525
13248
526
13254
526
13258
526
13264
527
13270
527
13276
528
13282
528
13288
528
13296
528
13306
529
13314
529
13324
529
13328
529
13334
529
13340
529
13344
529
13348
528
13352
528
13354
527
13358
527
13360
527
13366
526
13372
526
13376
525
13380
525
13384
525
13388
525
13390
524
13394
524
13396
524
13398
523
13400
523
13402
522
13404
522
13406
522
13408
521
13410
521
13412
521
13414
520
13416
519
13418
519
13422
518
13424
516
13426
516
13430
516
13434
516
13438
516
13446
516
13454
516
13464
516
13476
516
13486
516
13496
516
13504
516
13514
516
13516
516
13524
516
13530
516
13534
516
13538
516
13542
516
13546
516
13548
516
13554
516
13556
516
13562
516
13564
516
13568
516
13572
516
13576
516
13580
516
13584
516
13588
516
13592
516
13600
516
13604
516
13610
516
13614
516
13618
516
13622
516
13628
516
13634
516
13638
517
13644
517
13646
517
13650
518
13654
518
13656
518
13660
518
13664
519
13668
519
13670
519
13674
520
13680
520
13684
520
13688
520
13692
520
13696
520
13702
520
13704
520
13710
520
13714
520
13716
520
13718
520
13720
520
13722
520
13724
518
13726
518
13732
518
13740
518
13748
518
13758
518
13766
518
13792
518
13814
518
13824
519
13846
520
13866
520
13882
521
13900
522
13916
523
13922
523
13932
524
13940
524
13948
524
13954
524
13958
524
13962
524
13966
524
13970
524
13972
524
13974
524
13976
524
13978
524
13980
524
13982
523
13984
523
13986
522
13988
522
13990
521
13992
521
13996
521
13998
520
14000
520
14004
520
14008
519
14012
519
14014
519
14018
518
14020
518
14022
518
14024
518
14026
518
14028
518
14030
518
14032
518
14034
518
14036
518
14038
518
14040
518
14042
518
14044
518
14046
518
14048
518
14050
518
14052
518
14054
518
14056
518
14058
518
14060
518
14062
518
14502
518
14504
518
14506
518
14508
513
14510
513
14512
512
14514
510
14516
510
14518
510
14520
509
14522
508
14524
507
14528
506
14530
505
14532
505
14534
504
14536
503
14538
502
14542
502
14544
499
14546
499
14548
498
14550
498
14552
496
14554
495
14556
494
14558
494
14560
492
14562
490
14564
489
14568
486
14572
483
14574
482
14576
482
14578
479
14580
478
14582
475
14584
473
14586
471
14588
468
14590
466
14592
466
14594
462
14596
458
14598
456
14602
453
14604
451
14606
450
14608
448
14610
443
14612
440
14614
434
14618
430
14620
426
14622
422
14624
417
14626
412
14628
406
14630
402
14632
394
14634
390
14636
385
14638
381
14640
378
14642
373
14644
367
14646
361
14648
357
14650
351
14652
346
14654
343
14656
340
14658
337
14660
335
14662
333
14664
330
14666
325
14668
322
14670
321
14672
318
14674
314
14676
311
14678
310
14680
307
14682
305
14684
303
14686
301
14688
297
14690
290
14692
284
14694
281
14696
275
14698
270
14700
269
14702
266
14704
263
14706
263
14708
260
14710
258
14714
255
14716
253
14718
250
14720
249
14722
247
14724
245
14726
244
14728
242
14730
240
14734
239
14736
238
14738
235
14740
234
14742
234
14744
232
14746
232
14748
230
14750
230
14752
227
14754
225
14756
225
14758
225
14760
225
14762
222
14768
218
14772
218
14774
218
14776
214
14780
212
14782
210
14784
209
14786
208
14788
207
14790
205
14792
205
14794
203
14796
203
14798
201
14800
201
14802
201
14804
198
14806
198
14808
198
14810
194
14812
194
14814
194
14816
194
14818
190
14820
190
14822
190
14824
190
14826
186
14828
186
14830
186
14832
186
14834
185
14836
185
14838
182
14840
182
14842
182
14844
181
14846
181
14848
179
14850
179
14852
178
14854
179
14856
179
14858
178
14860
178
14862
177
14864
176
14866
175
14868
175
14870
174
14872
172
14874
171
14876
167
14878
163
14880
163
14882
160
14884
156
14886
156
14888
151
14890
151
14892
149
14894
145
14896
142
14898
139
14900
135
14902
129
14904
127
14906
119
14908
115
14910
115
14912
111
14914
111
14916
106
14918
106
14920
103
14922
100
14924
100
14926
97
14928
92
14930
88
14932
85
14934
83
14936
79
14938
79
14940
75
14942
75
14944
72
14946
68
14948
68
14950
66
14952
62
14954
59
14956
57
14958
56
14960
55
14962
53
14964
53
14966
51
14968
51
14970
49
14972
47
14974
47
14976
44
14980
44
14982
42
14984
40
14986
40
14988
38
14990
36
14992
35
14994
33
14996
32
14998
31
15000
30
15002
27
15004
27
15006
25
15008
24
15010
23
15012
9
15014
3
15016
-5
15018
-11
15020
-13
15022
-15
15024
-16
15026
-17
15028
-19
15030
-21
15032
-21
15034
-23
15036
-23
15038
-24
15040
-26
15044
-28
15048
-31
15054
-35
15060
-38
15068
-42
15070
-44
15074
-46
15076
-48
15080
-49
15082
-51
15084
-52
2147483647
-52
ENV
-2
0
-1
0
0
2
1
18
2
27
3
42
4
58
5
94
6
103
7
110
8
120
9
136
10
150
11
160
12
173
13
189
14
206
15
220
16
228
17
240
18
247
19
254
20
263
21
270
22
276
23
283
24
290
25
298
26
305
27
312
28
319
29
327
30
336
31
345
32
354
33
362
34
368
35
373
36
380
37
386
38
392
39
398
40
403
41
409
42
413
43
419
44
423
45
427
46
429
47
432
48
434
49
437
50
440
51
443
52
447
53
450
54
453
55
456
56
459
57
462
58
466
59
469
60
472
61
474
62
475
63
476
64
479
65
482
66
484
67
486
68
488
69
489
70
492
71
492
72
494
73
495
74
495
75
495
76
496
77
495
78
495
79
494
80
493
81
493
82
493
83
494
84
496
85
496
86
497
87
497
88
497
89
497
90
498
91
498
92
498
93
499
94
499
95
499
96
499
97
499
98
502
99
504
100
509
101
510
102
19
103
40
104
63
105
84
106
102
107
118
108
131
109
146
110
160
111
176
112
193
113
202
114
216
115
228
116
239
117
248
118
255
119
261
120
265
121
270
122
279
123
283
124
290
125
301
126
306
127
310
128
315
129
325
130
328
131
335
132
347
133
354
134
361
135
366
136
371
137
374
138
377
139
380
140
385
141
389
142
393
143
395
144
397
145
399
146
400
147
403
148
406
149
409
150
413
151
414
152
414
153
414
154
416
155
421
156
425
157
427
158
429
159
433
160
437
161
437
162
437
163
437
164
440
165
443
166
445
167
447
168
448
169
450
170
453
171
455
172
457
173
460
174
463
175
466
176
468
177
468
178
470
179
472
180
475
181
478
182
478
183
479
184
482
185
484
186
486
187
487
188
487
189
488
190
488
191
489
192
491
193
492
194
493
195
495
196
496
197
499
198
501
199
501
200
501
201
502
202
504
203
509
2147483647
509
