0.0 4, 4
1.5 4, 4
3.0 4, 4
4.5 4, 4
6.0 4, 4
7.5 4, 4
9.0 4, 4
10.5 4, 4
12.0 4, 4
13.5 4, 4
15.0 4, 4
16.5 4, 4
18.0 4, 4
19.5 4, 4
21.0 4, 4
22.5 4, 4
24.0 4, 4
25.5 4, 4
27.0 4, 4
28.5 4, 4
30.0 4, 4
31.5 4, 4
33.0 4, 4
34.5 4, 4
36.0 4, 4
37.5 4, 4
39.0 4, 4
40.5 4, 4
42.0 4, 4
43.5 4, 4
45.0 4, 4
46.5 4, 4
48.0 4, 4
49.5 4, 4
51.0 4, 4
52.5 4, 4
54.0 4, 4
55.5 4, 4
57.0 4, 4
58.5 4, 4
60.0 4, 4
61.5 4, 4
63.0 4, 4
64.5 4, 4
66.0 4, 4
67.5 4, 4
69.0 4, 4
70.5 4, 4
72.0 4, 4
73.5 4, 4
75.0 4, 4
76.5 4, 4
78.0 4, 4
79.5 4, 4
81.0 4, 4
82.5 4, 4
84.0 4, 4
85.5 4, 4
87.0 4, 4
88.5 4, 4
90.0 4, 4
91.5 4, 4
93.0 4, 4
94.5 4, 4
96.0 4, 4
97.5 4, 4
99.0 4, 4
100.5 4, 4
102.0 4, 4
103.5 4, 4
105.0 4, 4
106.5 4, 4
108.0 4, 4
109.5 4, 4
111.0 4, 4
112.5 4, 4
114.0 4, 4
115.5 4, 4
117.0 4, 4
118.5 4, 4
120.0 4, 4
121.5 4, 4
123.0 4, 4
124.5 4, 4
126.0 4, 4
127.5 4, 4
129.0 4, 4
130.5 4, 4
132.0 4, 4
133.5 4, 4
135.0 4, 4
136.5 4, 4
138.0 4, 4
139.5 4, 4
141.0 4, 4
142.5 4, 4
144.0 4, 4
145.5 4, 4
147.0 4, 4
148.5 4, 4
150.0 4, 4
151.5 4, 4
153.0 4, 4
154.5 4, 4
156.0 4, 4
157.5 4, 4
159.0 4, 4
160.5 4, 4
162.0 4, 4
163.5 4, 4
165.0 4, 4
166.5 4, 4
168.0 4, 4
169.5 4, 4
171.0 5, 5
172.5 5, 5
174.0 5, 5
175.5 5, 5
177.0 5, 5
178.5 5, 5
180.0 5, 5
181.5 5, 5
183.0 5, 5
184.5 5, 5
186.0 5, 5
187.5 5, 5
189.0 5, 5
190.5 5, 5
192.0 5, 5
193.5 5, 5
195.0 5, 5
196.5 5, 5
198.0 5, 5
199.5 5, 5
201.0 5, 5
202.5 5, 5
204.0 5, 5
205.5 5, 5
207.0 5, 5
208.5 5, 5
210.0 5, 5
211.5 5, 5
213.0 5, 5
214.5 5, 5
216.0 5, 5
217.5 5, 5
219.0 5, 5
220.5 5, 5
222.0 5, 5
223.5 5, 5
225.0 5, 5
226.5 5, 5
228.0 5, 5
229.5 5, 5
231.0 5, 5
231.5 5, 5
232.6 5, 5
233.7 5, 5
234.2 5, 5
235.29999999999998 5, 5
236.39999999999998 5, 5
237.49999999999997 5, 5
237.99999999999997 5, 5
238.49999999999997 5, 5
239.59999999999997 5, 5
240.09999999999997 5, 5
241.59999999999997 5, 5
243.09999999999997 5, 5
244.59999999999997 5, 5
246.09999999999997 5, 5
247.59999999999997 5, 5
249.09999999999997 5, 5
250.59999999999997 5, 5
252.09999999999997 5, 5
253.59999999999997 5, 5
255.09999999999997 5, 5
256.59999999999997 5, 5
258.09999999999997 5, 5
259.59999999999997 5, 5
261.09999999999997 5, 5
262.67499999999995 5, 5
264.24999999999994 5, 5
265.8999999999999 5, 5
267.5499999999999 5, 5
268.5499999999999 5, 5
269.5499999999999 5, 5
270.5499999999999 5, 5
271.5499999999999 5, 5
272.5499999999999 4, 4
273.5499999999999 4, 4
274.5499999999999 4, 4
275.5499999999999 4, 4
277.0499999999999 4, 4
278.5499999999999 4, 4
280.0499999999999 4, 4
281.5499999999999 4, 4
283.0499999999999 4, 4
284.5499999999999 4, 4
286.0499999999999 4, 4
287.5499999999999 4, 4
289.0499999999999 4, 4
290.5499999999999 4, 4
292.0499999999999 4, 4
293.5499999999999 4, 4
295.0499999999999 4, 4
296.5499999999999 4, 4
298.0499999999999 4, 4
299.5499999999999 4, 4
301.0499999999999 4, 4
302.5499999999999 4, 4
304.0499999999999 4, 4
305.5499999999999 4, 4
307.0499999999999 4, 4
308.5499999999999 4, 4
310.0499999999999 4, 4
310.8499999999999 4, 4
311.6499999999999 4, 4
312.44999999999993 4, 4
313.24999999999994 4, 4
314.74999999999994 4, 5
316.24999999999994 4, 5
317.74999999999994 4, 5
319.24999999999994 4, 5
320.74999999999994 4, 5
322.24999999999994 4, 5
323.74999999999994 4, 5
325.24999999999994 4, 5
326.04999999999995 4, 5
326.84999999999997 4, 5
327.65 4, 5
328.45 4, 5
329.25 4, 5
330.05 5, 5
331.05 5, 5
332.05 5, 5
333.05 5, 5
334.05 5, 5
335.05 5, 5
336.05 5, 5
337.05 5, 5
338.05 5, 5
339.05 5, 5
340.05 5, 5
341.7 5, 5
343.34999999999997 5, 5
344.99999999999994 5, 5
346.6499999999999 5, 5
348.2999999999999 5, 5
349.9499999999999 5, 5
351.59999999999985 5, 5
352.42499999999984 5, 5
352.83749999999986 5, 5
353.2499999999999 5, 5
353.6624999999999 5, 5
355.3124999999999 5, 5
356.96249999999986 5, 5
358.61249999999984 5, 5
360.2624999999998 5, 5
361.2624999999998 5, 5
362.2624999999998 5, 5
363.2624999999998 5, 5
364.2624999999998 5, 5
365.2624999999998 5, 5
366.4624999999998 5, 5
367.6624999999998 5, 5
368.8624999999998 5, 5
370.0624999999998 5, 5
371.63749999999976 5, 5
373.21249999999975 5, 5
374.78749999999974 5, 5
376.3624999999997 5, 5
377.8624999999997 5, 5
379.3624999999997 5, 5
380.8624999999997 5, 5
382.3624999999997 5, 5
383.8624999999997 5, 5
385.3624999999997 5, 5
386.8624999999997 5, 5
388.3624999999997 5, 5
389.8624999999997 5, 5
391.3624999999997 5, 5
392.8624999999997 5, 5
394.3624999999997 5, 5
395.3624999999997 5, 5
396.3624999999997 5, 5
397.9374999999997 5, 5
399.5124999999997 5, 5
401.0874999999997 5, 5
402.3474999999997 5, 5
403.6074999999997 5, 5
404.86749999999967 5, 5
405.9174999999997 5, 5
406.9674999999997 5, 5
408.0174999999997 5, 6
409.0674999999997 6, 6
410.1174999999997 5, 5
411.16749999999973 5, 5
412.21749999999975 5, 5
413.21749999999975 5, 5
414.21749999999975 5, 6
415.21749999999975 5, 5
416.21749999999975 5, 5
417.21749999999975 5, 6
418.21749999999975 5, 5
419.21749999999975 5, 6
420.21749999999975 6, 6
421.41749999999973 4, 4
422.21749999999975 4, 4
423.01749999999976 4, 4
423.81749999999977 4, 4
424.6174999999998 4, 4
425.4174999999998 4, 4
426.2174999999998 4, 4
427.0174999999998 4, 4
427.8174999999998 4, 4
428.61749999999984 4, 4
429.41749999999985 4, 4
430.21749999999986 4, 4
431.01749999999987 4, 4
431.8174999999999 4, 4
432.6174999999999 4, 4
433.4174999999999 4, 4
434.2174999999999 4, 4
435.0174999999999 4, 4
435.81749999999994 4, 4
436.61749999999995 4, 4
437.41749999999996 4, 4
438.2175 4, 4
439.0175 4, 4
439.8175 4, 4
440.6175 4, 4
441.4175 4, 4
442.21750000000003 4, 4
443.01750000000004 4, 4
443.81750000000005 4, 4
444.61750000000006 4, 4
445.25750000000005 4, 4
445.89750000000004 4, 4
446.5375 4, 4
447.1775 4, 4
447.8175 4, 4
448.4575 4, 4
448.9375 4, 4
449.4175 4, 4
449.89750000000004 4, 4
450.37750000000005 4, 5
450.8575000000001 4, 4
451.3375000000001 4, 4
451.87083333333345 4, 4
452.4041666666668 4, 4
452.93750000000017 4, 4
453.47083333333353 4, 4
454.0041666666669 4, 4
454.53750000000025 4, 4
455.0708333333336 4, 4
455.4708333333336 4, 4
455.87083333333356 4, 4
456.27083333333354 4, 4
456.6708333333335 4, 4
457.05416666666684 4, 4
457.4208333333335 4, 4
457.7875000000002 4, 4
458.1375000000002 4, 4
458.47083333333353 4, 4
458.80416666666684 4, 4
459.1208333333335 4, 4
459.4208333333335 4, 4
459.72083333333353 4, 4
460.0041666666669 4, 4
460.27083333333354 4, 4
460.5375000000002 5, 4
460.8500000000002 5, 4
461.1625000000002 5, 5
461.4541666666669 5, 5
461.74583333333356 5, 5
462.0166666666669 5, 5
462.2666666666669 5, 5
462.5166666666669 5, 5
462.74583333333356 5, 5
462.97500000000025 5, 5
463.20416666666694 5, 5
463.41250000000025 5, 5
463.62083333333356 5, 5
463.80833333333356 5, 5
463.99583333333356 5, 5
464.18333333333356 5, 5
464.35000000000025 5, 5
464.51666666666694 5, 5
464.66250000000025 5, 5
464.80833333333356 5, 5
464.9541666666669 5, 5
465.1000000000002 5, 5
466.6000000000002 5, 5
468.1000000000002 5, 5
469.6000000000002 5, 5
471.1000000000002 5, 5
472.6000000000002 5, 5
474.1000000000002 5, 5
475.6000000000002 5, 5
477.1000000000002 5, 5
478.6000000000002 5, 5
480.1000000000002 5, 5
481.6000000000002 5, 5
483.1000000000002 5, 5
484.6000000000002 5, 5
486.1000000000002 5, 5
487.6000000000002 5, 5
489.1000000000002 5, 5
490.6000000000002 5, 5
492.1000000000002 5, 5
493.6000000000002 5, 5
495.1000000000002 5, 5
496.6000000000002 5, 5
498.1000000000002 5, 5
499.6000000000002 5, 5
501.1000000000002 5, 5
502.6000000000002 5, 5
504.1000000000002 5, 5
505.6000000000002 5, 5
507.1000000000002 5, 5
508.6000000000002 5, 5
510.1000000000002 5, 5
511.6000000000002 5, 5
513.1000000000001 5, 5
514.6000000000001 5, 5
516.1000000000001 5, 5
517.6000000000001 5, 5
519.1000000000001 5, 5
520.6000000000001 5, 5
522.1000000000001 5, 5
523.6000000000001 5, 5
525.1000000000001 5, 5
526.6000000000001 5, 5
528.1000000000001 5, 5
529.6000000000001 5, 5
531.1000000000001 5, 5
532.6000000000001 5, 5
534.1000000000001 5, 5
535.6000000000001 5, 5
537.1000000000001 5, 5
538.6000000000001 5, 5
540.1000000000001 5, 5
541.6000000000001 5, 5
543.1000000000001 5, 5
544.6000000000001 5, 5
546.1000000000001 4, 4
547.6000000000001 4, 4
549.1000000000001 4, 4
550.6000000000001 4, 4
552.1000000000001 4, 4
553.6000000000001 4, 4
555.1000000000001 4, 4
556.6000000000001 4, 4
558.1000000000001 4, 4
559.6000000000001 4, 4
561.1000000000001 4, 4
562.6000000000001 4, 4
564.1000000000001 4, 4
565.6000000000001 4, 4
567.1000000000001 4, 4
568.6000000000001 4, 4
570.1000000000001 4, 4
571.6000000000001 4, 4
573.1000000000001 4, 4
574.6000000000001 4, 4
576.1000000000001 4, 4
577.6000000000001 4, 4
579.1000000000001 4, 4
580.6000000000001 4, 4
582.1000000000001 4, 4
583.6000000000001 4, 4
585.1000000000001 4, 4
586.6000000000001 4, 4
588.1000000000001 4, 4
589.6000000000001 4, 4
591.1000000000001 4, 4
592.6000000000001 4, 4
594.1000000000001 4, 4
595.6000000000001 4, 4
597.1000000000001 4, 4
598.6000000000001 4, 4
600.1000000000001 4, 4
601.6000000000001 4, 4
603.1000000000001 4, 4
604.6000000000001 4, 4
606.1000000000001 4, 4
607.6000000000001 4, 4
609.1000000000001 4, 4
610.6000000000001 4, 4
612.1000000000001 4, 4
613.6000000000001 4, 4
615.1000000000001 4, 4
616.6000000000001 4, 4
618.1000000000001 4, 4
619.6000000000001 4, 4
621.1000000000001 4, 4
622.6000000000001 4, 4
624.1000000000001 4, 4
625.6000000000001 4, 4
627.1000000000001 4, 4
628.6000000000001 4, 4
630.1000000000001 4, 4
631.6000000000001 4, 4
633.1000000000001 4, 4
634.6000000000001 4, 4
636.1000000000001 4, 4
637.6000000000001 4, 4
639.1000000000001 4, 4
640.6000000000001 4, 4
642.1000000000001 4, 4
643.6000000000001 4, 4
645.1000000000001 4, 4
646.6000000000001 4, 4
648.1000000000001 4, 4
649.6000000000001 4, 4
651.1000000000001 4, 4
652.6000000000001 4, 4
654.1000000000001 4, 4
655.6000000000001 4, 4
657.1000000000001 4, 4
658.6000000000001 4, 4
660.1000000000001 4, 4
661.6000000000001 4, 4
663.1000000000001 4, 4
664.6000000000001 4, 4
666.1000000000001 4, 4
667.6000000000001 4, 4
669.1000000000001 4, 4
670.6000000000001 4, 4
672.1000000000001 4, 4
673.6000000000001 4, 4
675.1000000000001 4, 4
676.6000000000001 4, 4
678.1000000000001 4, 4
679.6000000000001 4, 4
681.1000000000001 4, 4
682.6000000000001 4, 4
684.1000000000001 4, 4
685.6000000000001 4, 4
687.1000000000001 4, 4
688.6000000000001 4, 4
690.1000000000001 4, 4
691.6000000000001 4, 4
693.1000000000001 4, 4
694.6000000000001 4, 4
696.1000000000001 4, 4
697.6000000000001 4, 4
699.1000000000001 4, 4
700.6000000000001 4, 4
702.1000000000001 4, 4
703.6000000000001 4, 4
705.1000000000001 4, 4
706.6000000000001 4, 4
708.1000000000001 4, 4
709.6000000000001 4, 4
711.1000000000001 4, 4
712.6000000000001 4, 4
714.1000000000001 4, 4
715.6000000000001 4, 4
717.1000000000001 4, 4
718.6000000000001 4, 4
720.1000000000001 4, 4
721.6000000000001 4, 4
723.1000000000001 4, 4
724.6000000000001 4, 4
726.1000000000001 4, 4
727.6000000000001 4, 4
729.1000000000001 4, 4
730.6000000000001 4, 4
732.1000000000001 4, 4
733.6000000000001 4, 4
735.1000000000001 4, 4
736.6000000000001 4, 4
738.1000000000001 4, 4
739.6000000000001 4, 4
741.1000000000001 4, 4
742.6000000000001 4, 4
744.1000000000001 4, 4
745.6000000000001 4, 4
747.1000000000001 4, 4
748.6000000000001 4, 4
750.1000000000001 4, 4
751.6000000000001 4, 4
753.1000000000001 4, 4
754.6000000000001 4, 4
756.1000000000001 4, 4
757.6000000000001 4, 4
759.1000000000001 4, 4
760.6000000000001 4, 4
762.1000000000001 4, 4
763.6000000000001 4, 4
765.1000000000001 4, 4
766.6000000000001 4, 4
768.1000000000001 4, 4
769.6000000000001 4, 4
771.1000000000001 4, 4
772.6000000000001 4, 4
774.1000000000001 4, 4
775.6000000000001 4, 4
777.1000000000001 4, 4
778.6000000000001 4, 4
780.1000000000001 4, 4
781.6000000000001 4, 4
783.1000000000001 4, 4
784.6000000000001 4, 4
786.1000000000001 4, 4
787.6000000000001 4, 4
789.1000000000001 4, 4
790.6000000000001 4, 4
792.1000000000001 4, 4
793.6000000000001 4, 4
795.1000000000001 4, 4
796.6000000000001 4, 4
798.1000000000001 4, 4
799.6000000000001 4, 4
801.1000000000001 4, 4
802.6000000000001 4, 4
804.1000000000001 4, 4
805.6000000000001 4, 4
807.1000000000001 4, 4
808.6000000000001 4, 4
810.1000000000001 4, 4
811.6000000000001 4, 4
813.1000000000001 4, 4
814.6000000000001 4, 4
816.1000000000001 4, 4
817.6000000000001 4, 4
819.1000000000001 4, 4
820.6000000000001 4, 4
822.1000000000001 4, 4
823.6000000000001 4, 4
825.1000000000001 4, 4
826.6000000000001 4, 4
828.1000000000001 4, 4
829.6000000000001 4, 4
831.1000000000001 4, 4
832.6000000000001 4, 4
834.1000000000001 4, 4
835.6000000000001 4, 4
837.1000000000001 4, 4
838.6000000000001 4, 4
840.1000000000001 4, 4
841.6000000000001 4, 4
843.1000000000001 4, 4
844.6000000000001 4, 4
846.1000000000001 4, 4
847.6000000000001 4, 4
849.1000000000001 4, 4
850.6000000000001 4, 4
852.1000000000001 4, 4
853.6000000000001 4, 4
855.1000000000001 4, 4
856.6000000000001 4, 4
858.1000000000001 4, 4
859.6000000000001 4, 4
861.1000000000001 4, 4
862.6000000000001 4, 4
864.1000000000001 4, 4
865.6000000000001 4, 4
867.1000000000001 4, 4
868.6000000000001 4, 4
870.1000000000001 4, 4
871.6000000000001 4, 4
873.1000000000001 4, 4
874.6000000000001 4, 4
876.1000000000001 4, 4
877.6000000000001 4, 4
879.1000000000001 4, 4
